sign 1 0.6931471805599453 3 0.6931471805599453 
contract 1 0.6931471805599453 2 0.6931471805599453 
creat 1 1.3862943611198906 
contractu 1 1.3862943611198906 
oblig 1 1.3862943611198906 
dog 1 1.3862943611198906 
ate 1 1.3862943611198906 
chees 1 1.3862943611198906 
cold 2 0.14384103622589042 3 0.28768207245178085 4 0.28768207245178085 
flu 2 0.6931471805599453 
A 2 0.34657359027997264 3 0.6931471805599453 
jen 2 0.6931471805599453 
water 3 0.6931471805599453 4 0.6931471805599453 
like 3 1.3862943611198906 
get 3 1.3862943611198906 
B 3 1.3862943611198906 
