0 0.0011481056257175528
1 0.0011481056257175528
2 0.0011481056257175528
3 0.0011481056257175528
4 0.0011481056257175528
5 0.0011481056257175528
6 0.0011481056257175528
7 0.0011481056257175528
8 0.0011481056257175528
9 0.0011481056257175528
10 0.0011481056257175528
11 0.0011481056257175528
12 0.001148105625717553
13 0.001148105625717553
14 0.001148105625717553
15 0.001148105625717553
16 0.001148105625717553
17 0.001148105625717553
18 0.001148105625717553
19 0.001148105625717553
20 0.001148105625717553
21 0.001148105625717553
22 0.001148105625717553
23 0.001148105625717553
24 0.0011481056257175528
25 0.0011481056257175528
26 0.0011481056257175528
27 0.0011481056257175528
28 0.0011481056257175528
29 0.0011481056257175528
30 0.0011481056257175528
31 0.0011481056257175528
32 0.0011481056257175528
33 0.0011481056257175528
34 0.0011481056257175528
35 0.0011481056257175528
36 0.0011481056257175528
37 0.0011481056257175528
38 0.0011481056257175528
39 0.0011481056257175528
40 0.0011481056257175528
41 0.0011481056257175528
42 0.0011481056257175528
43 0.0011481056257175528
44 0.0011481056257175528
45 0.0011481056257175528
46 0.0011481056257175528
47 0.0011481056257175528
48 0.0011481056257175528
49 0.0011481056257175528
50 0.0011481056257175528
51 0.0011481056257175528
52 0.0011481056257175528
53 0.0011481056257175528
54 0.0011481056257175528
55 0.0011481056257175528
56 0.0011481056257175528
57 0.0011481056257175528
58 0.0011481056257175528
59 0.0011481056257175528
60 0.0011481056257175528
61 0.0011481056257175528
62 0.0011481056257175528
63 0.0011481056257175528
64 0.0011481056257175528
65 0.0011481056257175528
66 0.0011481056257175528
67 0.0011481056257175528
68 0.0011481056257175528
69 0.0011481056257175528
70 0.0011481056257175528
71 0.0011481056257175528
72 0.0011481056257175528
73 0.0011481056257175528
74 0.0011481056257175528
75 0.0011481056257175528
76 0.0011481056257175528
77 0.0011481056257175528
78 0.0011481056257175528
79 0.0011481056257175528
80 0.0011481056257175528
81 0.0011481056257175528
82 0.0011481056257175528
83 0.0011481056257175528
84 0.0011481056257175528
85 0.0011481056257175528
86 0.0011481056257175528
87 0.0011481056257175528
88 0.0011481056257175528
89 0.0011481056257175528
90 0.0011481056257175528
91 0.0011481056257175528
92 0.0011481056257175528
93 0.001148105625717553
94 0.001148105625717553
95 0.001148105625717553
96 0.001148105625717553
97 0.001148105625717553
98 0.001148105625717553
99 0.001148105625717553
100 0.001148105625717553
101 0.001148105625717553
102 0.001148105625717553
103 0.001148105625717553
104 0.001148105625717553
105 0.001148105625717553
106 0.001148105625717553
107 0.001148105625717553
108 0.001148105625717553
109 0.001148105625717553
110 0.001148105625717553
111 0.001148105625717553
112 0.001148105625717553
113 0.001148105625717553
114 0.001148105625717553
115 0.001148105625717553
116 0.001148105625717553
117 0.001148105625717553
118 0.001148105625717553
119 0.001148105625717553
120 0.001148105625717553
121 0.001148105625717553
122 0.001148105625717553
123 0.001148105625717553
124 0.001148105625717553
125 0.001148105625717553
126 0.001148105625717553
127 0.001148105625717553
128 0.001148105625717553
129 0.001148105625717553
130 0.001148105625717553
131 0.001148105625717553
132 0.001148105625717553
133 0.001148105625717553
134 0.001148105625717553
135 0.001148105625717553
136 0.001148105625717553
137 0.001148105625717553
138 0.001148105625717553
139 0.001148105625717553
140 0.001148105625717553
141 0.001148105625717553
142 0.001148105625717553
143 0.001148105625717553
144 0.001148105625717553
145 0.001148105625717553
146 0.001148105625717553
147 0.001148105625717553
148 0.001148105625717553
149 0.001148105625717553
150 0.001148105625717553
151 0.001148105625717553
152 0.001148105625717553
153 0.001148105625717553
154 0.001148105625717553
155 0.001148105625717553
156 0.001148105625717553
157 0.001148105625717553
158 0.001148105625717553
159 0.001148105625717553
160 0.001148105625717553
161 0.001148105625717553
162 0.001148105625717553
163 0.001148105625717553
164 0.001148105625717553
165 0.001148105625717553
166 0.001148105625717553
167 0.001148105625717553
168 0.001148105625717553
169 0.001148105625717553
170 0.001148105625717553
171 0.001148105625717553
172 0.001148105625717553
173 0.001148105625717553
174 0.001148105625717553
175 0.001148105625717553
176 0.001148105625717553
177 0.001148105625717553
178 0.001148105625717553
179 0.001148105625717553
180 0.001148105625717553
181 0.001148105625717553
182 0.001148105625717553
183 0.001148105625717553
184 0.001148105625717553
185 0.001148105625717553
186 0.0011481056257175528
187 0.0011481056257175528
188 0.0011481056257175528
189 0.0011481056257175528
190 0.0011481056257175528
191 0.0011481056257175528
192 0.0011481056257175528
193 0.0011481056257175528
194 0.0011481056257175528
195 0.0011481056257175528
196 0.0011481056257175528
197 0.0011481056257175528
198 0.0011481056257175528
199 0.0011481056257175528
200 0.0011481056257175528
201 0.0011481056257175528
202 0.0011481056257175528
203 0.0011481056257175528
204 0.0011481056257175528
205 0.0011481056257175528
206 0.0011481056257175528
207 0.0011481056257175528
208 0.0011481056257175528
209 0.0011481056257175528
210 0.0011481056257175528
211 0.0011481056257175528
212 0.0011481056257175528
213 0.0011481056257175528
214 0.0011481056257175528
215 0.0011481056257175528
216 0.0011481056257175528
217 0.0011481056257175528
218 0.0011481056257175528
219 0.0011481056257175528
220 0.0011481056257175528
221 0.0011481056257175528
222 0.0011481056257175528
223 0.0011481056257175528
224 0.0011481056257175528
225 0.0011481056257175528
226 0.0011481056257175528
227 0.0011481056257175528
228 0.0011481056257175528
229 0.0011481056257175528
230 0.0011481056257175528
231 0.0011481056257175528
232 0.0011481056257175528
233 0.0011481056257175528
234 0.0011481056257175528
235 0.0011481056257175528
236 0.0011481056257175528
237 0.0011481056257175528
238 0.0011481056257175528
239 0.0011481056257175528
240 0.0011481056257175528
241 0.0011481056257175528
242 0.0011481056257175528
243 0.0011481056257175528
244 0.0011481056257175528
245 0.0011481056257175528
246 0.0011481056257175528
247 0.0011481056257175528
248 0.0011481056257175528
249 0.0011481056257175528
250 0.0011481056257175528
251 0.0011481056257175528
252 0.0011481056257175528
253 0.0011481056257175528
254 0.0011481056257175528
255 0.0011481056257175528
256 0.0011481056257175528
257 0.0011481056257175528
258 0.0011481056257175528
259 0.0011481056257175528
260 0.0011481056257175528
261 0.0011481056257175528
262 0.0011481056257175528
263 0.0011481056257175528
264 0.0011481056257175528
265 0.0011481056257175528
266 0.0011481056257175528
267 0.0011481056257175528
268 0.0011481056257175528
269 0.0011481056257175528
270 0.0011481056257175528
271 0.0011481056257175528
272 0.0011481056257175528
273 0.0011481056257175528
274 0.0011481056257175528
275 0.0011481056257175528
276 0.0011481056257175528
277 0.0011481056257175528
278 0.0011481056257175528
279 0.0011481056257175528
280 0.0011481056257175528
281 0.0011481056257175528
282 0.0011481056257175528
283 0.0011481056257175528
284 0.0011481056257175528
285 0.0011481056257175528
286 0.0011481056257175528
287 0.0011481056257175528
288 0.0011481056257175528
289 0.0011481056257175528
290 0.0011481056257175528
291 0.0011481056257175528
292 0.0011481056257175528
293 0.0011481056257175528
294 0.0011481056257175528
295 0.0011481056257175528
296 0.0011481056257175528
297 0.0011481056257175528
298 0.0011481056257175528
299 0.0011481056257175528
300 0.0011481056257175528
301 0.0011481056257175528
302 0.0011481056257175528
303 0.0011481056257175528
304 0.0011481056257175528
305 0.0011481056257175528
306 0.0011481056257175528
307 0.0011481056257175528
308 0.0011481056257175528
309 0.0011481056257175528
310 0.0011481056257175528
311 0.0011481056257175528
312 0.0011481056257175528
313 0.0011481056257175528
314 0.0011481056257175528
315 0.0011481056257175528
316 0.0011481056257175528
317 0.0011481056257175528
318 0.0011481056257175528
319 0.0011481056257175528
320 0.0011481056257175528
321 0.0011481056257175528
322 0.0011481056257175528
323 0.0011481056257175528
324 0.0011481056257175528
325 0.0011481056257175528
326 0.0011481056257175528
327 0.0011481056257175528
328 0.0011481056257175528
329 0.0011481056257175528
330 0.0011481056257175528
331 0.0011481056257175528
332 0.0011481056257175528
333 0.0011481056257175528
334 0.0011481056257175528
335 0.0011481056257175528
336 0.0011481056257175528
337 0.0011481056257175528
338 0.0011481056257175528
339 0.0011481056257175528
340 0.0011481056257175528
341 0.0011481056257175528
342 0.0011481056257175528
343 0.0011481056257175528
344 0.0011481056257175528
345 0.0011481056257175528
346 0.0011481056257175528
347 0.0011481056257175528
348 0.0011481056257175528
349 0.0011481056257175528
350 0.0011481056257175528
351 0.0011481056257175528
352 0.0011481056257175528
353 0.0011481056257175528
354 0.0011481056257175528
355 0.0011481056257175528
356 0.0011481056257175528
357 0.0011481056257175528
358 0.0011481056257175528
359 0.0011481056257175528
360 0.0011481056257175528
361 0.0011481056257175528
362 0.0011481056257175528
363 0.0011481056257175528
364 0.0011481056257175528
365 0.0011481056257175528
366 0.0011481056257175528
367 0.0011481056257175528
368 0.0011481056257175528
369 0.0011481056257175528
370 0.001148105625717553
371 0.0011481056257175528
372 0.0011481056257175528
373 0.0011481056257175528
374 0.0011481056257175528
375 0.0011481056257175528
376 0.0011481056257175528
377 0.0011481056257175528
378 0.0011481056257175528
379 0.0011481056257175528
380 0.0011481056257175528
381 0.0011481056257175528
382 0.0011481056257175528
383 0.0011481056257175528
384 0.0011481056257175528
385 0.0011481056257175528
386 0.0011481056257175528
387 0.0011481056257175528
388 0.0011481056257175528
389 0.0011481056257175528
390 0.0011481056257175528
391 0.0011481056257175528
392 0.0011481056257175528
393 0.0011481056257175528
394 0.0011481056257175528
395 0.0011481056257175528
396 0.0011481056257175528
397 0.0011481056257175528
398 0.0011481056257175528
399 0.0011481056257175528
400 0.0011481056257175528
401 0.0011481056257175528
402 0.0011481056257175528
403 0.0011481056257175528
404 0.0011481056257175528
405 0.0011481056257175528
406 0.0011481056257175528
407 0.0011481056257175528
408 0.0011481056257175528
409 0.0011481056257175528
410 0.0011481056257175528
411 0.0011481056257175528
412 0.0011481056257175528
413 0.0011481056257175528
414 0.0011481056257175528
415 0.0011481056257175528
416 0.0011481056257175528
417 0.0011481056257175528
418 0.0011481056257175528
419 0.0011481056257175528
420 0.0011481056257175528
421 0.0011481056257175528
422 0.0011481056257175528
423 0.0011481056257175528
424 0.0011481056257175528
425 0.0011481056257175528
426 0.0011481056257175528
427 0.0011481056257175528
428 0.0011481056257175528
429 0.0011481056257175528
430 0.0011481056257175528
431 0.0011481056257175528
432 0.0011481056257175528
433 0.0011481056257175528
434 0.0011481056257175528
435 0.0011481056257175528
436 0.0011481056257175528
437 0.0011481056257175528
438 0.0011481056257175528
439 0.0011481056257175528
440 0.0011481056257175528
441 0.0011481056257175528
442 0.0011481056257175528
443 0.0011481056257175528
444 0.0011481056257175528
445 0.0011481056257175528
446 0.0011481056257175528
447 0.0011481056257175528
448 0.0011481056257175528
449 0.0011481056257175528
450 0.0011481056257175528
451 0.0011481056257175528
452 0.0011481056257175528
453 0.0011481056257175528
454 0.0011481056257175528
455 0.0011481056257175528
456 0.0011481056257175528
457 0.0011481056257175528
458 0.0011481056257175528
459 0.0011481056257175528
460 0.0011481056257175528
461 0.0011481056257175528
462 0.0011481056257175528
463 0.0011481056257175528
464 0.0011481056257175528
465 0.0011481056257175528
466 0.0011481056257175528
467 0.0011481056257175528
468 0.0011481056257175528
469 0.0011481056257175528
470 0.0011481056257175528
471 0.0011481056257175528
472 0.0011481056257175528
473 0.0011481056257175528
474 0.0011481056257175528
475 0.0011481056257175528
476 0.0011481056257175528
477 0.0011481056257175528
478 0.0011481056257175528
479 0.0011481056257175528
480 0.0011481056257175528
481 0.0011481056257175528
482 0.0011481056257175528
483 0.0011481056257175528
484 0.0011481056257175528
485 0.0011481056257175528
486 0.0011481056257175528
487 0.0011481056257175528
488 0.0011481056257175528
489 0.0011481056257175528
490 0.0011481056257175528
491 0.0011481056257175528
492 0.0011481056257175528
493 0.0011481056257175528
494 0.0011481056257175528
495 0.0011481056257175528
496 0.0011481056257175528
497 0.0011481056257175528
498 0.0011481056257175528
499 0.0011481056257175528
500 0.0011481056257175528
501 0.0011481056257175528
502 0.0011481056257175528
503 0.0011481056257175528
504 0.0011481056257175528
505 0.0011481056257175528
506 0.0011481056257175528
507 0.0011481056257175528
508 0.0011481056257175528
509 0.0011481056257175528
510 0.0011481056257175528
511 0.0011481056257175528
512 0.0011481056257175528
513 0.0011481056257175528
514 0.0011481056257175528
515 0.0011481056257175528
516 0.0011481056257175528
517 0.0011481056257175528
518 0.0011481056257175528
519 0.0011481056257175528
520 0.0011481056257175528
521 0.0011481056257175528
522 0.0011481056257175528
523 0.0011481056257175528
524 0.0011481056257175528
525 0.0011481056257175528
526 0.0011481056257175528
527 0.0011481056257175528
528 0.0011481056257175528
529 0.0011481056257175528
530 0.0011481056257175528
531 0.0011481056257175528
532 0.0011481056257175528
533 0.0011481056257175528
534 0.0011481056257175528
535 0.0011481056257175528
536 0.0011481056257175528
537 0.0011481056257175528
538 0.0011481056257175528
539 0.0011481056257175528
540 0.0011481056257175528
541 0.0011481056257175528
542 0.0011481056257175528
543 0.0011481056257175528
544 0.0011481056257175528
545 0.0011481056257175528
546 0.0011481056257175528
547 0.0011481056257175528
548 0.0011481056257175528
549 0.0011481056257175528
550 0.0011481056257175528
551 0.0011481056257175528
552 0.0011481056257175528
553 0.0011481056257175528
554 0.0011481056257175528
555 0.0011481056257175528
556 0.0011481056257175528
557 0.0011481056257175528
558 0.0011481056257175528
559 0.0011481056257175528
560 0.0011481056257175528
561 0.0011481056257175528
562 0.0011481056257175528
563 0.0011481056257175528
564 0.0011481056257175528
565 0.0011481056257175528
566 0.0011481056257175528
567 0.0011481056257175528
568 0.0011481056257175528
569 0.0011481056257175528
570 0.0011481056257175528
571 0.0011481056257175528
572 0.0011481056257175528
573 0.0011481056257175528
574 0.0011481056257175528
575 0.0011481056257175528
576 0.0011481056257175528
577 0.0011481056257175528
578 0.0011481056257175528
579 0.0011481056257175528
580 0.0011481056257175528
581 0.0011481056257175528
582 0.0011481056257175528
583 0.0011481056257175528
584 0.0011481056257175528
585 0.0011481056257175528
586 0.0011481056257175528
587 0.0011481056257175528
588 0.0011481056257175528
589 0.0011481056257175528
590 0.0011481056257175528
591 0.0011481056257175528
592 0.0011481056257175528
593 0.0011481056257175528
594 0.0011481056257175528
595 0.0011481056257175528
596 0.0011481056257175528
597 0.0011481056257175528
598 0.0011481056257175528
599 0.0011481056257175528
600 0.0011481056257175528
601 0.0011481056257175528
602 0.0011481056257175528
603 0.0011481056257175528
604 0.0011481056257175528
605 0.0011481056257175528
606 0.0011481056257175528
607 0.0011481056257175528
608 0.0011481056257175528
609 0.0011481056257175528
610 0.0011481056257175528
611 0.0011481056257175528
612 0.0011481056257175528
613 0.0011481056257175528
614 0.0011481056257175528
615 0.0011481056257175528
616 0.0011481056257175528
617 0.0011481056257175528
618 0.0011481056257175528
619 0.0011481056257175528
620 0.0011481056257175528
621 0.0011481056257175528
622 0.0011481056257175528
623 0.0011481056257175528
624 0.0011481056257175528
625 0.0011481056257175528
626 0.0011481056257175528
627 0.0011481056257175528
628 0.0011481056257175528
629 0.0011481056257175528
630 0.0011481056257175528
631 0.0011481056257175528
632 0.0011481056257175528
633 0.0011481056257175528
634 0.0011481056257175528
635 0.0011481056257175528
636 0.0011481056257175528
637 0.0011481056257175528
638 0.0011481056257175528
639 0.0011481056257175528
640 0.0011481056257175528
641 0.0011481056257175528
642 0.0011481056257175528
643 0.0011481056257175528
644 0.0011481056257175528
645 0.0011481056257175528
646 0.0011481056257175528
647 0.0011481056257175528
648 0.0011481056257175528
649 0.0011481056257175528
650 0.0011481056257175528
651 0.0011481056257175528
652 0.0011481056257175528
653 0.0011481056257175528
654 0.0011481056257175528
655 0.0011481056257175528
656 0.0011481056257175528
657 0.0011481056257175528
658 0.0011481056257175528
659 0.0011481056257175528
660 0.0011481056257175528
661 0.0011481056257175528
662 0.0011481056257175528
663 0.0011481056257175528
664 0.0011481056257175528
665 0.0011481056257175528
666 0.0011481056257175528
667 0.0011481056257175528
668 0.0011481056257175528
669 0.0011481056257175528
670 0.0011481056257175528
671 0.0011481056257175528
672 0.0011481056257175528
673 0.0011481056257175528
674 0.0011481056257175528
675 0.0011481056257175528
676 0.0011481056257175528
677 0.0011481056257175528
678 0.0011481056257175528
679 0.0011481056257175528
680 0.0011481056257175528
681 0.0011481056257175528
682 0.0011481056257175528
683 0.0011481056257175528
684 0.0011481056257175528
685 0.0011481056257175528
686 0.0011481056257175528
687 0.0011481056257175528
688 0.0011481056257175528
689 0.0011481056257175528
690 0.0011481056257175528
691 0.0011481056257175528
692 0.0011481056257175528
693 0.0011481056257175528
694 0.0011481056257175528
695 0.0011481056257175528
696 0.0011481056257175528
697 0.0011481056257175528
698 0.0011481056257175528
699 0.0011481056257175528
700 0.0011481056257175528
701 0.0011481056257175528
702 0.0011481056257175528
703 0.0011481056257175528
704 0.0011481056257175528
705 0.0011481056257175528
706 0.0011481056257175528
707 0.0011481056257175528
708 0.0011481056257175528
709 0.0011481056257175528
710 0.0011481056257175528
711 0.0011481056257175528
712 0.0011481056257175528
713 0.0011481056257175528
714 0.0011481056257175528
715 0.0011481056257175528
716 0.0011481056257175528
717 0.0011481056257175528
718 0.0011481056257175528
719 0.0011481056257175528
720 0.0011481056257175528
721 0.0011481056257175528
722 0.0011481056257175528
723 0.0011481056257175528
724 0.0011481056257175528
725 0.0011481056257175528
726 0.0011481056257175528
727 0.0011481056257175528
728 0.0011481056257175528
729 0.0011481056257175528
730 0.0011481056257175528
731 0.0011481056257175528
732 0.0011481056257175528
733 0.0011481056257175528
734 0.0011481056257175528
735 0.0011481056257175528
736 0.0011481056257175528
737 0.0011481056257175528
738 0.0011481056257175528
739 0.0011481056257175528
740 0.001148105625717553
741 0.001148105625717553
742 0.001148105625717553
743 0.001148105625717553
744 0.001148105625717553
745 0.001148105625717553
746 0.001148105625717553
747 0.001148105625717553
748 0.001148105625717553
749 0.001148105625717553
750 0.001148105625717553
751 0.001148105625717553
752 0.001148105625717553
753 0.001148105625717553
754 0.001148105625717553
755 0.001148105625717553
756 0.001148105625717553
757 0.001148105625717553
758 0.001148105625717553
759 0.001148105625717553
760 0.001148105625717553
761 0.001148105625717553
762 0.001148105625717553
763 0.001148105625717553
764 0.001148105625717553
765 0.001148105625717553
766 0.001148105625717553
767 0.001148105625717553
768 0.001148105625717553
769 0.001148105625717553
770 0.001148105625717553
771 0.001148105625717553
772 0.001148105625717553
773 0.001148105625717553
774 0.001148105625717553
775 0.001148105625717553
776 0.001148105625717553
777 0.001148105625717553
778 0.001148105625717553
779 0.001148105625717553
780 0.001148105625717553
781 0.001148105625717553
782 0.001148105625717553
783 0.001148105625717553
784 0.001148105625717553
785 0.001148105625717553
786 0.001148105625717553
787 0.001148105625717553
788 0.001148105625717553
789 0.001148105625717553
790 0.001148105625717553
791 0.001148105625717553
792 0.001148105625717553
793 0.001148105625717553
794 0.001148105625717553
795 0.001148105625717553
796 0.001148105625717553
797 0.001148105625717553
798 0.001148105625717553
799 0.001148105625717553
800 0.001148105625717553
801 0.001148105625717553
802 0.001148105625717553
803 0.001148105625717553
804 0.001148105625717553
805 0.001148105625717553
806 0.001148105625717553
807 0.001148105625717553
808 0.001148105625717553
809 0.001148105625717553
810 0.001148105625717553
811 0.001148105625717553
812 0.001148105625717553
813 0.001148105625717553
814 0.001148105625717553
815 0.001148105625717553
816 0.001148105625717553
817 0.001148105625717553
818 0.001148105625717553
819 0.001148105625717553
820 0.001148105625717553
821 0.001148105625717553
822 0.001148105625717553
823 0.001148105625717553
824 0.001148105625717553
825 0.001148105625717553
826 0.001148105625717553
827 0.001148105625717553
828 0.001148105625717553
829 0.001148105625717553
830 0.001148105625717553
831 0.001148105625717553
832 0.001148105625717553
833 0.001148105625717553
834 0.001148105625717553
835 0.001148105625717553
836 0.001148105625717553
837 0.001148105625717553
838 0.001148105625717553
839 0.001148105625717553
840 0.001148105625717553
841 0.001148105625717553
842 0.001148105625717553
843 0.001148105625717553
844 0.001148105625717553
845 0.001148105625717553
846 0.001148105625717553
847 0.001148105625717553
848 0.001148105625717553
849 0.001148105625717553
850 0.001148105625717553
851 0.001148105625717553
852 0.001148105625717553
853 0.001148105625717553
854 0.001148105625717553
855 0.001148105625717553
856 0.001148105625717553
857 0.001148105625717553
858 0.001148105625717553
859 0.001148105625717553
860 0.001148105625717553
861 0.001148105625717553
862 0.001148105625717553
863 0.001148105625717553
864 0.001148105625717553
865 0.001148105625717553
866 0.001148105625717553
867 0.001148105625717553
868 0.001148105625717553
869 0.001148105625717553
870 0.001148105625717553
