page 1 0.0 2 0.0 3 0.0 4 0.0 5 0.0 6 0.0 7 0.0 8 0.0 
hors 1 0.14384103622589042 2 0.14384103622589042 3 0.09589402415059362 4 0.09589402415059362 5 0.07192051811294521 8 0.28768207245178085 
hoof 1 1.0397207708399179 
mammal 1 1.0397207708399179 
live 1 1.0397207708399179 
human 1 0.6931471805599453 4 0.46209812037329684 
thousand 1 1.0397207708399179 
year 1 1.0397207708399179 
b 2 0.6931471805599453 3 0.46209812037329684 
member 2 1.0397207708399179 
band 2 1.0397207708399179 
simpli 2 1.0397207708399179 
group 2 1.0397207708399179 
anim 2 0.6931471805599453 6 0.6931471805599453 
ganglik 2 1.0397207708399179 
mental 2 1.0397207708399179 
c 3 0.32694308433724206 4 0.32694308433724206 7 0.4904146265058631 
prehistor 3 0.6931471805599452 
time 3 0.6931471805599452 
wild 3 0.6931471805599452 
probabl 3 0.6931471805599452 
first 3 0.6931471805599452 
hunt 3 0.6931471805599452 
food 3 0.6931471805599452 
relationship 4 0.6931471805599452 
uniqu 4 0.6931471805599452 
e 5 1.0397207708399179 
matur 5 0.5198603854199589 
male 5 0.5198603854199589 
call 5 0.5198603854199589 
stallion 5 0.5198603854199589 
femal 5 0.5198603854199589 
mare 5 0.5198603854199589 
f 5 0.34657359027997264 6 0.6931471805599453 
g 5 0.34657359027997264 7 0.6931471805599453 
horse' 6 1.0397207708399179 
gener 6 1.0397207708399179 
form 6 1.0397207708399179 
characterist 6 1.0397207708399179 
speed 6 1.0397207708399179 
h 6 0.6931471805599453 8 1.3862943611198906 
extrem 7 1.0397207708399179 
larg 7 1.0397207708399179 
eye 7 1.0397207708399179 
place 7 1.0397207708399179 
far 7 1.0397207708399179 
back 7 1.0397207708399179 
elong 7 1.0397207708399179 
brown 8 2.0794415416798357 
almost 8 2.0794415416798357 
black 8 2.0794415416798357 
lighter 8 2.0794415416798357 
area 8 2.0794415416798357 
