philosophi 1 0.4054651081081644 2 0.4054651081081644 
process 1 1.0986122886681098 
xml' 1 1.0986122886681098 
document 1 0.4054651081081644 2 0.4054651081081644 
list 1 1.0986122886681098 
term 1 0.4054651081081644 2 0.4054651081081644 
scienc 1 0.4054651081081644 2 0.4054651081081644 
determin 2 0.4054651081081644 3 0.4054651081081644 
relev 2 1.0986122886681098 
gorgeou 2 1.0986122886681098 
categori 2 1.0986122886681098 
cs200 3 1.0986122886681098 
xml 3 1.0986122886681098 
king' 3 1.0986122886681098 
author 3 1.0986122886681098 
king 3 1.0986122886681098 
