0 0.0021032902677132837
1 0.005762187520218391
2 0.0021201562984849978
3 0.009833626538012482
4 0.005762187520218392
5 0.012828842579034863
6 0.0021032902677132837
7 0.006140616034003021
8 0.004729931442270048
9 0.0021201562984849978
10 0.0021032902677132837
11 0.0021201562984849978
12 0.033824911709553734
13 0.0021201562984849978
14 0.0021201562984849978
15 0.0021201562984849978
16 0.0021201562984849978
17 0.010058893465296608
18 0.0021032902677132837
19 0.0021201562984849978
20 0.003096312983382887
21 0.0032464909349056393
22 0.0021201562984849978
23 0.0021032902677132837
24 0.0029971898986141184
25 0.0021032902677132837
26 0.0021032902677132837
27 0.004337159188095005
28 0.0021201562984849978
29 0.0021032902677132837
30 0.0021032902677132837
31 0.0021032902677132837
32 0.0021201562984849978
33 0.0021032902677132837
34 0.007018057496453079
35 0.05816797059607499
36 0.04505313188967481
37 0.0025627771672179895
38 0.004360964341406778
39 0.0025627771672179895
40 0.0021201562984849978
41 0.0021201562984849978
42 0.00514960633952239
43 0.005592227208255382
44 0.047182007421234615
45 0.0021201562984849978
46 0.0021201562984849978
47 0.002258782099890615
48 0.044749136822347435
49 0.0021201562984849978
50 0.0021201562984849978
51 0.0021201562984849978
52 0.007128078776229665
53 0.0021201562984849978
54 0.0021201562984849978
55 0.0032187658996311974
56 0.2499651036216139
57 0.0021032902677132837
58 0.04519175769108043
59 0.0021201562984849978
60 0.002258782099890615
61 0.002258782099890615
62 0.004112195476676689
63 0.0021201562984849978
64 0.002958359672933207
65 0.0029583596729332064
66 0.0021201562984849978
67 0.0021032902677132837
68 0.0021032902677132837
69 0.0021032902677132837
70 0.0021032902677132837
71 0.0021032902677132837
72 0.002699223354980508
73 0.0021201562984849978
74 0.0021032902677132837
75 0.0021201562984849978
76 0.0021032902677132837
77 0.0021032902677132837
78 0.035704053591587855
79 0.03951055369577149
80 0.017294341474524876
81 0.0021201562984849978
82 0.003021224007621512
83 0.021430313910653403
84 0.0021201562984849978
85 0.013645796084747985
86 0.0021201562984849978
87 0.014134304029731912
88 0.006140616034003026
89 0.004729931442270047
90 0.0021032902677132837
91 0.0021032902677132837
92 0.005166586219213508
93 0.016721188502422567
94 0.0021032902677132837
95 0.0021032902677132837
96 0.0021032902677132837
97 0.002103290267713284
98 0.003555515113543489
99 0.002103290267713284
100 0.014134304029731919
101 0.0035840263894710016
102 0.0021201562984849978
103 0.0021201562984849978
104 0.005986517865917447
105 0.002103290267713284
106 0.022718714429505432
